#
# This config file was automatically generated
# using lirc-0.9.4c(emulation) on Sun Oct  12 09:02:24 2018
# Command line used: -a SONY_RMT-TX100D.conf
# Kernel version (uname -r): 4.9.76+
#
# contributed by Bjarne Tvedten
#
# brand:             SONY
# model:             RMT-TX100D
# supported devices: TV
#
# comment:
#

begin remote

name SONY_REMOTE
flags RAW_CODES
eps 30
aeps 100

ptrail 0
gap 64763

begin raw_codes

name KEY_HOME
2444 551 652 551 655 543 658 546 659 545 678 520 1257 544 1258 544 1261 542 652 546 659 544 650 550 649 26365 2464 533 658 545 654 546 656 545 655 548 653 545 1255 548 1255 540 1261 545 656 545 653 549 653 545 656 26350 2452 551 660 546 643 554 656 546 656 541 649 555 1247 553 1248 553 1249 555 644 555 656 545 663 538 647

name KEY_INPUT
2434 554 1256 545 652 550 1254 549 652 548 690 509 1258 541 657 546 1254 550 651 547 653 548 651 547 667 25742 2444 558 1253 545 654 548 1254 546 653 549 652 547 1258 546 648 552 1251 549 652 548 653 547 654 548 653 25752 2448 554 1256 549 651 547 1254 545 657 547 652 549 1254 546 655 546 1254 548 653 548 653 547 655 548 650

name KEY_POWER
2454 528 1316 498 666 529 1278 519 677 572 1250 505 676 528 675 523 1276 523 676 530 671 527 673 526 676 25728 2468 530 1280 525 675 524 1276 544 657 523 1277 524 677 529 672 526 1275 533 669 524 677 520 678 552 649 25746 2447 534 1279 524 674 526 1273 531 671 569 1236 522 673 531 670 549 1251 535 666 523 678 526 673 554 647 25780 2466 539 1272 527 673 530 1270 548 654 530 1270 524 676 552 648 530 1271 553 650 551 648 530 672 527 673

name KEY_ENTER
2439 558 1264 537 646 554 1250 552 647 554 647 552 1252 549 1253 550 1246 551 647 558 644 554 701 503 647 25156 2441 558 1253 549 651 550 1251 546 676 577 599 555 1246 596 1203 553 1315 488 646 554 649 553 660 542 701 25115 2429 556 1254 553 645 586 1211 558 648 553 641 565 1239 558 1250 548 1255 548 644 559 645 553 650 551 650

name KEY_LEFT
2436 557 646 553 657 539 1262 545 652 577 1226 546 1255 548 651 549 1256 549 649 551 651 549 651 551 650 25756 2446 555 655 550 651 553 1246 551 652 548 1253 549 1253 550 649 552 1250 544 655 566 638 551 650 551 651 25754 2452 554 653 568 632 550 1250 554 647 552 1250 546 1256 551 649 552 1249 552 650 552 648 552 650 550 650

name KEY_RIGHT
2421 575 1229 561 1259 596 590 555 649 554 1242 559 1256 543 646 554 1249 553 647 552 649 556 646 555 637 25166 2438 564 1270 532 1246 582 620 555 643 552 1263 581 1204 560 642 563 1246 544 645 556 652 551 643 557 652 25156 2434 567 1247 553 1247 549 652 600 597 558 1260 536 1246 561 645 566 1229 556 747 457 647 558 640 651 550

name KEY_UP
2440 574 1242 548 1249 554 643 556 1243 563 693 504 638 562 1247 558 641 558 643 558 1243 559 643 557 645 556 643 556 1241 557 1243 20368 2438 565 1247 556 1244 558 643 554 1248 555 645 556 645 557 1243 558 645 555 644 557 1241 559 648 556 645 557 641 557 1245 557 1245 20383 2419 563 1246 557 1244 554 643 561 1243 556 644 561 641 564 1231 562 693 505 644 559 1239 581 621 557 681 522 641 559 1244 609 1217

name KEY_DOWN
2454 552 1255 561 639 548 1258 542 659 545 1257 542 1257 548 1258 542 1249 550 661 535 654 548 658 553 651 24553 2450 553 1256 548 652 549 1252 548 653 549 1249 552 1253 549 1252 548 1256 548 650 549 652 550 651 548 648 24559 2447 553 1258 546 654 543 1255 550 649 593 1212 566 1238 545 1278 525 1248 610 603 538 650 546 663 581 617

name KEY_VOLUMEUP
2453 552 642 556 1271 532 647 554 646 555 1247 551 647 557 646 554 1247 559 640 557 676 528 641 613 589 26363 2438 563 642 560 1247 555 691 540 617 582 1227 542 641 561 646 551 1246 560 645 569 636 552 644 556 641 26384 2420 563 643 559 1242 558 645 552 651 567 1234 553 646 554 650 555 1251 548 644 553 705 497 700 504 648

name KEY_VOLUMEDOWN
2435 573 1236 556 1248 549 645 565 634 557 1248 560 686 511 641 560 1248 552 646 556 645 555 645 564 644 25762 2454 543 1251 554 1246 555 644 558 645 555 1246 556 645 557 658 542 1245 556 646 555 645 556 645 557 643 25783 2425 564 1247 556 1244 557 644 554 647 558 1243 557 644 556 644 557 1245 557 644 556 644 602 603 558 641

name KEY_CHANNELUP
2426 569 634 557 647 550 652 556 646 552 1253 552 649 567 632 553 1252 551 646 554 648 554 645 550 653 26964 2457 545 650 553 648 553 647 555 646 553 1241 569 640 554 682 517 1249 553 647 553 648 556 645 554 646 26961 2443 559 651 556 644 554 647 554 644 557 1248 554 646 554 647 553 1247 555 647 554 647 554 647 550 651

name KEY_CHANNELDOWN
2436 572 1243 547 642 560 645 595 606 556 1249 552 646 581 620 572 1251 535 644 559 641 556 645 556 645 26366 2440 561 1248 555 645 557 645 554 647 556 1246 557 643 556 644 561 1241 555 646 555 644 557 646 554 640 26368 2443 560 1246 558 645 555 646 555 645 556 1246 556 645 557 644 556 1263 539 644 557 645 557 644 555 645

name KEY_AGAIN
2434 580 1200 583 1224 577 642 556 1251 559 1210 588 1249 551 664 537 1242 562 639 560 614 585 617 584 617 24585 2465 542 1242 555 1218 584 629 578 1206 649 1203 540 1215 583 615 593 1214 581 616 585 615 600 603 631 598 24559 2434 571 1210 612 1221 561 637 559 1258 576 1181 591 1233 612 589 577 1201 592 647 552 633 570 613 581 613 24705 2351 593 1218 586 1219 580 665 539 1215 583 1251 552 1240 601 571 592 1209 591 609 598 608 587 637 559 673

name KEY_MUTE
2425 572 634 556 646 606 1200 542 663 546 1251 549 647 576 627 551 1312 489 645 587 611 561 641 562 641 26345 2461 562 643 556 649 557 1247 550 645 551 1262 543 648 555 645 555 1248 553 649 550 657 548 696 499 651 26374 2425 560 645 552 654 555 1249 545 645 561 1246 556 683 516 644 576 1276 505 649 563 677 514 647 555 642

name KEY_TV
2428 558 679 525 660 586 1202 553 647 583 615 561 1239 559 642 588 1217 553 645 556 644 558 643 557 645 26360 2438 558 644 558 687 515 1249 547 687 514 654 552 1243 555 645 555 1251 554 643 611 589 559 637 559 664 26339 2439 558 705 501 640 570 1232 558 642 578 627 563 1236 553 645 559 1244 563 642 547 652 547 651 551 698

name KEY_TEXT
2435 559 1244 557 1247 555 1291 518 1245 546 1251 560 1244 550 644 558 1251 548 650 552 643 560 697 501 640 23967 2443 559 1257 544 1247 556 1277 526 1251 555 1245 552 1255 546 649 554 1249 603 589 572 631 551 662 551 643 23956 2455 546 1250 551 1251 546 1251 569 1226 562 1268 530 1240 560 654 550 1249 551 635 566 640 563 646 547 637

name KEY_1
2431 572 631 554 657 589 605 549 668 535 646 553 652 547 652 549 1256 578 616 561 641 556 658 537 655 27559 2442 552 653 553 652 554 650 546 651 548 688 528 642 543 653 551 1248 550 645 557 646 556 645 590 641 27549 2421 559 645 556 648 564 640 549 665 534 657 537 656 547 648 577 1232 552 654 544 645 570 636 571 626

name KEY_2
2441 562 1249 555 644 555 649 563 636 569 648 538 647 566 635 553 1252 549 648 553 647 551 650 552 710 26897 2442 557 1254 549 648 553 649 550 649 555 646 553 648 552 647 554 1257 544 651 551 649 552 648 555 646 26955 2444 558 1252 552 648 553 647 554 647 550 652 545 655 552 649 555 1245 553 648 555 645 553 648 553 667

name KEY_3
2434 574 631 549 1253 552 649 549 656 546 653 551 651 546 658 545 1251 545 658 548 648 548 651 560 643 26956 2460 543 654 546 1254 548 652 548 653 547 653 548 652 544 658 563 1241 543 653 548 655 545 654 546 653 26966 2432 553 656 547 1252 543 657 547 657 546 653 550 650 548 653 547 1254 547 653 547 672 531 652 547 653

name KEY_4
2439 552 1252 549 1260 542 654 547 654 554 648 547 649 550 657 555 1248 566 638 542 653 556 643 546 654 26365 2436 550 1258 549 1253 546 653 550 651 546 654 547 654 548 653 547 1252 548 655 546 653 549 652 548 653 26359 2436 554 1274 531 1253 548 652 548 653 548 653 547 652 551 651 548 1252 546 655 548 653 548 652 548 654

name KEY_5
2431 565 640 552 660 540 1257 542 651 549 657 566 634 547 650 550 1259 544 651 543 659 545 702 497 676 26932 2463 539 659 545 653 549 1252 546 654 549 653 546 653 550 651 543 1259 549 651 547 654 546 654 547 655 26974 2429 553 654 547 655 549 1255 548 665 529 711 500 640 552 654 593 1250 505 656 546 655 547 760 439 653

name KEY_6
2446 562 1252 538 668 537 1257 541 658 571 629 546 655 544 655 547 1260 543 677 520 676 534 641 563 638 26360 2438 563 1247 556 643 558 1245 556 644 557 643 559 643 571 630 555 1245 558 644 556 643 559 645 556 644 26362 2439 562 1247 557 645 556 1243 558 644 556 643 554 649 556 643 557 1245 557 654 548 643 558 641 558 643

name KEY_7
2450 551 678 525 1254 582 1217 549 653 554 652 541 658 545 648 549 1259 606 593 546 654 544 690 515 649 26359 2453 546 655 549 1268 535 1249 550 656 546 654 544 681 519 654 548 1258 544 693 521 716 475 652 545 664 26363 2434 552 658 546 1249 549 1255 549 649 546 711 495 645 567 632 558 1257 545 681 548 618 556 645 554 661

name KEY_8
2429 553 1275 527 1269 534 1259 542 654 581 620 545 675 528 658 543 1257 565 650 570 610 552 650 555 648 25754 2450 551 1259 547 1253 547 1255 548 653 544 657 547 655 544 655 548 1252 547 654 549 652 547 654 548 668 25740 2447 554 1276 530 1255 543 1256 546 655 547 653 549 653 547 654 547 1271 530 655 545 654 547 655 546 654

name KEY_9
2448 553 652 549 665 538 655 544 1254 547 654 548 661 540 677 525 1260 541 653 547 657 546 667 568 660 26917 2464 537 655 548 658 545 651 548 1241 610 597 554 658 569 621 549 1260 542 655 543 645 563 648 553 647 26959 2439 562 644 559 648 556 640 557 1245 583 618 562 642 554 641 560 1241 561 648 552 645 554 646 550 652

name KEY_0
2461 540 1273 529 645 583 623 596 1202 552 649 607 597 551 645 566 1237 553 646 601 599 557 654 546 678 26327 2438 562 1251 552 649 553 641 558 1263 537 645 559 674 528 648 550 1246 575 625 566 634 572 655 529 642 26381 2431 578 1228 555 642 555 642 560 1250 551 644 577 625 556 649 549 1243 560 643 609 594 562 656 541 685

name KEY_RED
2428 559 1248 557 646 556 1250 548 686 516 647 600 1209 546 654 550 1243 555 1271 534 1243 558 651 550 1272 523 703 500 653 570 1241 19751 2449 551 1255 549 644 557 1249 551 642 560 646 565 1241 544 677 529 1251 552 1245 557 1243 590 628 541 1259 540 649 550 673 531 1249 19758 2447 555 1249 552 647 555 1245 557 646 554 648 550 1251 553 678 522 1245 558 1249 551 1245 557 645 556 1244 556 648 560 636 559 1247

name KEY_GREEN
2413 577 643 557 1220 584 1224 576 621 634 565 578 1222 585 621 581 1241 558 1220 581 1221 582 617 582 1246 554 616 582 630 565 1231 19785 2420 581 619 580 1220 584 1237 562 645 558 616 581 1192 611 618 582 1191 612 1217 636 1171 577 618 581 1218 585 617 582 618 582 1191 19826 2401 599 609 581 1222 580 1243 557 618 583 621 580 1220 581 622 580 1219 581 1221 579 1221 582 671 531 1219 581 637 562 620 582 1243 19840 2404 579 647 552 1247 555 1242 564 641 557 618 581 1220 582 646 555 1244 557 1219 582 1242 558 619 582 1269 531 619 582 619 582 1219 19866 2445 539 641 559 1245 555 1244 557 618 582 620 583 1242 575 625 559 1219 582 1243 557 1244 558 617 584 1218 582 642 561 642 556 1242

name KEY_YELLOW
2426 571 1236 554 1244 558 1257 543 647 557 646 557 1245 553 650 545 1251 554 1246 555 1245 558 644 557 1243 556 644 556 643 583 1248 19131 2447 557 1245 556 1244 556 1246 554 647 556 643 556 1244 558 643 556 1244 558 1243 555 1243 560 647 552 1245 556 646 555 645 557 1244 19174 2431 554 1264 536 1246 558 1242 555 645 558 644 555 1245 558 643 554 1252 553 1249 549 1245 556 646 554 1246 555 646 554 647 555 1245

name KEY_BLUE
2450 516 701 525 660 513 1290 509 699 530 634 543 1264 537 662 541 1262 539 1256 564 1243 533 667 530 1270 547 650 535 665 537 1262 20354 2453 541 708 492 666 615 1209 518 654 542 661 553 1253 541 695 501 1265 534 1272 574 1284 480 657 553 1262 532 656 565 637 533 1266 20345 2457 543 662 543 661 545 1259 543 692 503 647 551 1261 538 672 552 1262 518 1266 531 1276 536 702 517 1255 525 656 542 660 550 1262 20416 2441 542 662 548 662 600 1215 523 663 535 677 523 1272 532 661 542 1260 536 1267 545 1252 540 671 531 1325 488 641 554 657 587 1215

name KEY_INFO
2434 573 630 559 1244 559 645 556 1244 623 1182 552 1248 564 634 558 1243 557 644 556 644 558 644 559 645 25160 2439 562 649 551 1249 558 641 557 1244 561 1240 558 1243 557 644 557 1246 555 643 558 644 559 641 558 643 25164 2437 564 647 558 1242 557 643 559 1243 555 1250 555 1244 558 643 556 1245 558 642 556 644 558 642 555 649 25213 2436 563 646 554 1249 555 646 555 1244 558 1244 558 1245 556 638 555 1267 540 684 519 675 531 639 558 643

name KEY_AUDIO
2426 570 1265 525 1254 549 1250 553 644 589 1245 524 647 553 645 553 1244 554 646 554 680 522 647 556 649 25169 2427 559 1250 554 1246 553 1247 555 645 552 1251 553 649 552 647 554 1247 554 646 554 646 555 646 555 643 25180 2416 574 1236 551 1250 551 1247 555 646 555 1247 553 647 553 649 552 1243 561 645 554 646 557 643 555 646 25201 2443 575 1234 554 1247 554 1247 555 646 555 1248 554 646 553 647 554 1248 553 647 554 647 553 648 553 648

name KEY_EXIT
2435 558 1262 538 1255 548 649 588 612 551 651 551 1249 552 1246 555 1249 553 644 555 652 549 649 551 645 25161 2386 617 1189 609 1193 612 588 611 591 611 585 620 1184 613 1188 613 1197 621 584 599 589 619 580 616 588 25219 2380 618 1192 614 1191 608 591 643 559 611 579 666 1139 613 1192 663 1136 607 595 613 608 593 585 615 589

end raw_codes

end remote
